{
 "cells": [
  {
   "cell_type": "code",
   "execution_count": 2,
   "metadata": {},
   "outputs": [],
   "source": [
    "import pandas as pd"
   ]
  },
  {
   "cell_type": "code",
   "execution_count": 3,
   "metadata": {},
   "outputs": [],
   "source": [
    "df = pd.read_csv('synthetic_dataset.csv')"
   ]
  },
  {
   "cell_type": "code",
   "execution_count": 4,
   "metadata": {},
   "outputs": [
    {
     "name": "stdout",
     "output_type": "stream",
     "text": [
      "<class 'pandas.core.frame.DataFrame'>\n",
      "RangeIndex: 112 entries, 0 to 111\n",
      "Data columns (total 20 columns):\n",
      " #   Column          Non-Null Count  Dtype  \n",
      "---  ------          --------------  -----  \n",
      " 0   Subject_id      112 non-null    object \n",
      " 1   R Stance        112 non-null    float64\n",
      " 2   L Stance        112 non-null    float64\n",
      " 3   R Swing         112 non-null    float64\n",
      " 4   L Swing         112 non-null    float64\n",
      " 5   R Double Supp.  112 non-null    float64\n",
      " 6   L Double Supp.  112 non-null    float64\n",
      " 7   R Step Length   112 non-null    float64\n",
      " 8   L Step Length   112 non-null    float64\n",
      " 9   R Speed         112 non-null    float64\n",
      " 10  L Speed         112 non-null    float64\n",
      " 11  R Hip Rom       112 non-null    float64\n",
      " 12  L Hip Rom       112 non-null    float64\n",
      " 13  R Knee Rom      112 non-null    float64\n",
      " 14  L Knee Rom      112 non-null    float64\n",
      " 15  R Ankle Rom     112 non-null    float64\n",
      " 16  L Ankle Rom     112 non-null    float64\n",
      " 17  Cadence         112 non-null    float64\n",
      " 18  Step Width      112 non-null    float64\n",
      " 19  Target          112 non-null    int64  \n",
      "dtypes: float64(18), int64(1), object(1)\n",
      "memory usage: 17.6+ KB\n"
     ]
    }
   ],
   "source": [
    "df.info()"
   ]
  },
  {
   "cell_type": "code",
   "execution_count": 5,
   "metadata": {},
   "outputs": [],
   "source": [
    "#drop subject_id\n",
    "df.drop('Subject_id', axis=1, inplace=True)"
   ]
  },
  {
   "cell_type": "code",
   "execution_count": 6,
   "metadata": {},
   "outputs": [
    {
     "data": {
      "text/html": [
       "<div>\n",
       "<style scoped>\n",
       "    .dataframe tbody tr th:only-of-type {\n",
       "        vertical-align: middle;\n",
       "    }\n",
       "\n",
       "    .dataframe tbody tr th {\n",
       "        vertical-align: top;\n",
       "    }\n",
       "\n",
       "    .dataframe thead th {\n",
       "        text-align: right;\n",
       "    }\n",
       "</style>\n",
       "<table border=\"1\" class=\"dataframe\">\n",
       "  <thead>\n",
       "    <tr style=\"text-align: right;\">\n",
       "      <th></th>\n",
       "      <th>R Stance</th>\n",
       "      <th>L Stance</th>\n",
       "      <th>R Swing</th>\n",
       "      <th>L Swing</th>\n",
       "      <th>R Double Supp.</th>\n",
       "      <th>L Double Supp.</th>\n",
       "      <th>R Step Length</th>\n",
       "      <th>L Step Length</th>\n",
       "      <th>R Speed</th>\n",
       "      <th>L Speed</th>\n",
       "      <th>R Hip Rom</th>\n",
       "      <th>L Hip Rom</th>\n",
       "      <th>R Knee Rom</th>\n",
       "      <th>L Knee Rom</th>\n",
       "      <th>R Ankle Rom</th>\n",
       "      <th>L Ankle Rom</th>\n",
       "      <th>Cadence</th>\n",
       "      <th>Step Width</th>\n",
       "      <th>Target</th>\n",
       "    </tr>\n",
       "  </thead>\n",
       "  <tbody>\n",
       "    <tr>\n",
       "      <th>R Stance</th>\n",
       "      <td>1.000000</td>\n",
       "      <td>0.912826</td>\n",
       "      <td>-0.999892</td>\n",
       "      <td>-0.776883</td>\n",
       "      <td>0.952700</td>\n",
       "      <td>0.946783</td>\n",
       "      <td>-0.781728</td>\n",
       "      <td>-0.761928</td>\n",
       "      <td>-0.830462</td>\n",
       "      <td>-0.829836</td>\n",
       "      <td>-0.484513</td>\n",
       "      <td>-0.533979</td>\n",
       "      <td>-0.492946</td>\n",
       "      <td>-0.529235</td>\n",
       "      <td>-0.193260</td>\n",
       "      <td>-0.187503</td>\n",
       "      <td>-0.758423</td>\n",
       "      <td>0.073101</td>\n",
       "      <td>-0.089916</td>\n",
       "    </tr>\n",
       "    <tr>\n",
       "      <th>L Stance</th>\n",
       "      <td>0.912826</td>\n",
       "      <td>1.000000</td>\n",
       "      <td>-0.912930</td>\n",
       "      <td>-0.869220</td>\n",
       "      <td>0.950787</td>\n",
       "      <td>0.956053</td>\n",
       "      <td>-0.790473</td>\n",
       "      <td>-0.769933</td>\n",
       "      <td>-0.862126</td>\n",
       "      <td>-0.863875</td>\n",
       "      <td>-0.479966</td>\n",
       "      <td>-0.462134</td>\n",
       "      <td>-0.546459</td>\n",
       "      <td>-0.481190</td>\n",
       "      <td>-0.222222</td>\n",
       "      <td>-0.175968</td>\n",
       "      <td>-0.807758</td>\n",
       "      <td>0.082696</td>\n",
       "      <td>-0.148944</td>\n",
       "    </tr>\n",
       "    <tr>\n",
       "      <th>R Swing</th>\n",
       "      <td>-0.999892</td>\n",
       "      <td>-0.912930</td>\n",
       "      <td>1.000000</td>\n",
       "      <td>0.776899</td>\n",
       "      <td>-0.953095</td>\n",
       "      <td>-0.946315</td>\n",
       "      <td>0.781681</td>\n",
       "      <td>0.761341</td>\n",
       "      <td>0.831249</td>\n",
       "      <td>0.830651</td>\n",
       "      <td>0.483103</td>\n",
       "      <td>0.534057</td>\n",
       "      <td>0.492437</td>\n",
       "      <td>0.529991</td>\n",
       "      <td>0.194816</td>\n",
       "      <td>0.189786</td>\n",
       "      <td>0.760090</td>\n",
       "      <td>-0.072254</td>\n",
       "      <td>0.091996</td>\n",
       "    </tr>\n",
       "    <tr>\n",
       "      <th>L Swing</th>\n",
       "      <td>-0.776883</td>\n",
       "      <td>-0.869220</td>\n",
       "      <td>0.776899</td>\n",
       "      <td>1.000000</td>\n",
       "      <td>-0.826013</td>\n",
       "      <td>-0.818453</td>\n",
       "      <td>0.712499</td>\n",
       "      <td>0.713108</td>\n",
       "      <td>0.763549</td>\n",
       "      <td>0.765864</td>\n",
       "      <td>0.428951</td>\n",
       "      <td>0.447589</td>\n",
       "      <td>0.474982</td>\n",
       "      <td>0.468229</td>\n",
       "      <td>0.232036</td>\n",
       "      <td>0.189445</td>\n",
       "      <td>0.678720</td>\n",
       "      <td>-0.038736</td>\n",
       "      <td>0.118427</td>\n",
       "    </tr>\n",
       "    <tr>\n",
       "      <th>R Double Supp.</th>\n",
       "      <td>0.952700</td>\n",
       "      <td>0.950787</td>\n",
       "      <td>-0.953095</td>\n",
       "      <td>-0.826013</td>\n",
       "      <td>1.000000</td>\n",
       "      <td>0.906071</td>\n",
       "      <td>-0.804433</td>\n",
       "      <td>-0.778056</td>\n",
       "      <td>-0.856333</td>\n",
       "      <td>-0.860569</td>\n",
       "      <td>-0.469978</td>\n",
       "      <td>-0.488815</td>\n",
       "      <td>-0.516233</td>\n",
       "      <td>-0.495598</td>\n",
       "      <td>-0.239589</td>\n",
       "      <td>-0.196300</td>\n",
       "      <td>-0.792327</td>\n",
       "      <td>0.085031</td>\n",
       "      <td>-0.129788</td>\n",
       "    </tr>\n",
       "    <tr>\n",
       "      <th>L Double Supp.</th>\n",
       "      <td>0.946783</td>\n",
       "      <td>0.956053</td>\n",
       "      <td>-0.946315</td>\n",
       "      <td>-0.818453</td>\n",
       "      <td>0.906071</td>\n",
       "      <td>1.000000</td>\n",
       "      <td>-0.771616</td>\n",
       "      <td>-0.765985</td>\n",
       "      <td>-0.845421</td>\n",
       "      <td>-0.841831</td>\n",
       "      <td>-0.497325</td>\n",
       "      <td>-0.492870</td>\n",
       "      <td>-0.541981</td>\n",
       "      <td>-0.515812</td>\n",
       "      <td>-0.187093</td>\n",
       "      <td>-0.148463</td>\n",
       "      <td>-0.776538</td>\n",
       "      <td>0.073423</td>\n",
       "      <td>-0.090569</td>\n",
       "    </tr>\n",
       "    <tr>\n",
       "      <th>R Step Length</th>\n",
       "      <td>-0.781728</td>\n",
       "      <td>-0.790473</td>\n",
       "      <td>0.781681</td>\n",
       "      <td>0.712499</td>\n",
       "      <td>-0.804433</td>\n",
       "      <td>-0.771616</td>\n",
       "      <td>1.000000</td>\n",
       "      <td>0.928757</td>\n",
       "      <td>0.887020</td>\n",
       "      <td>0.887560</td>\n",
       "      <td>0.654146</td>\n",
       "      <td>0.637737</td>\n",
       "      <td>0.627308</td>\n",
       "      <td>0.646930</td>\n",
       "      <td>0.451138</td>\n",
       "      <td>0.394003</td>\n",
       "      <td>0.565817</td>\n",
       "      <td>-0.057682</td>\n",
       "      <td>0.149535</td>\n",
       "    </tr>\n",
       "    <tr>\n",
       "      <th>L Step Length</th>\n",
       "      <td>-0.761928</td>\n",
       "      <td>-0.769933</td>\n",
       "      <td>0.761341</td>\n",
       "      <td>0.713108</td>\n",
       "      <td>-0.778056</td>\n",
       "      <td>-0.765985</td>\n",
       "      <td>0.928757</td>\n",
       "      <td>1.000000</td>\n",
       "      <td>0.868665</td>\n",
       "      <td>0.875937</td>\n",
       "      <td>0.667652</td>\n",
       "      <td>0.656005</td>\n",
       "      <td>0.612749</td>\n",
       "      <td>0.635400</td>\n",
       "      <td>0.442180</td>\n",
       "      <td>0.386968</td>\n",
       "      <td>0.532849</td>\n",
       "      <td>-0.097277</td>\n",
       "      <td>0.157943</td>\n",
       "    </tr>\n",
       "    <tr>\n",
       "      <th>R Speed</th>\n",
       "      <td>-0.830462</td>\n",
       "      <td>-0.862126</td>\n",
       "      <td>0.831249</td>\n",
       "      <td>0.763549</td>\n",
       "      <td>-0.856333</td>\n",
       "      <td>-0.845421</td>\n",
       "      <td>0.887020</td>\n",
       "      <td>0.868665</td>\n",
       "      <td>1.000000</td>\n",
       "      <td>0.997210</td>\n",
       "      <td>0.538494</td>\n",
       "      <td>0.523563</td>\n",
       "      <td>0.540566</td>\n",
       "      <td>0.538076</td>\n",
       "      <td>0.272262</td>\n",
       "      <td>0.216452</td>\n",
       "      <td>0.843728</td>\n",
       "      <td>-0.038451</td>\n",
       "      <td>0.030851</td>\n",
       "    </tr>\n",
       "    <tr>\n",
       "      <th>L Speed</th>\n",
       "      <td>-0.829836</td>\n",
       "      <td>-0.863875</td>\n",
       "      <td>0.830651</td>\n",
       "      <td>0.765864</td>\n",
       "      <td>-0.860569</td>\n",
       "      <td>-0.841831</td>\n",
       "      <td>0.887560</td>\n",
       "      <td>0.875937</td>\n",
       "      <td>0.997210</td>\n",
       "      <td>1.000000</td>\n",
       "      <td>0.544489</td>\n",
       "      <td>0.531462</td>\n",
       "      <td>0.541428</td>\n",
       "      <td>0.545091</td>\n",
       "      <td>0.278869</td>\n",
       "      <td>0.223173</td>\n",
       "      <td>0.841953</td>\n",
       "      <td>-0.049529</td>\n",
       "      <td>0.036182</td>\n",
       "    </tr>\n",
       "    <tr>\n",
       "      <th>R Hip Rom</th>\n",
       "      <td>-0.484513</td>\n",
       "      <td>-0.479966</td>\n",
       "      <td>0.483103</td>\n",
       "      <td>0.428951</td>\n",
       "      <td>-0.469978</td>\n",
       "      <td>-0.497325</td>\n",
       "      <td>0.654146</td>\n",
       "      <td>0.667652</td>\n",
       "      <td>0.538494</td>\n",
       "      <td>0.544489</td>\n",
       "      <td>1.000000</td>\n",
       "      <td>0.778132</td>\n",
       "      <td>0.684821</td>\n",
       "      <td>0.566540</td>\n",
       "      <td>0.259955</td>\n",
       "      <td>0.179116</td>\n",
       "      <td>0.250762</td>\n",
       "      <td>-0.103599</td>\n",
       "      <td>-0.073339</td>\n",
       "    </tr>\n",
       "    <tr>\n",
       "      <th>L Hip Rom</th>\n",
       "      <td>-0.533979</td>\n",
       "      <td>-0.462134</td>\n",
       "      <td>0.534057</td>\n",
       "      <td>0.447589</td>\n",
       "      <td>-0.488815</td>\n",
       "      <td>-0.492870</td>\n",
       "      <td>0.637737</td>\n",
       "      <td>0.656005</td>\n",
       "      <td>0.523563</td>\n",
       "      <td>0.531462</td>\n",
       "      <td>0.778132</td>\n",
       "      <td>1.000000</td>\n",
       "      <td>0.506797</td>\n",
       "      <td>0.656140</td>\n",
       "      <td>0.214029</td>\n",
       "      <td>0.197972</td>\n",
       "      <td>0.265164</td>\n",
       "      <td>-0.072659</td>\n",
       "      <td>-0.094850</td>\n",
       "    </tr>\n",
       "    <tr>\n",
       "      <th>R Knee Rom</th>\n",
       "      <td>-0.492946</td>\n",
       "      <td>-0.546459</td>\n",
       "      <td>0.492437</td>\n",
       "      <td>0.474982</td>\n",
       "      <td>-0.516233</td>\n",
       "      <td>-0.541981</td>\n",
       "      <td>0.627308</td>\n",
       "      <td>0.612749</td>\n",
       "      <td>0.540566</td>\n",
       "      <td>0.541428</td>\n",
       "      <td>0.684821</td>\n",
       "      <td>0.506797</td>\n",
       "      <td>1.000000</td>\n",
       "      <td>0.763584</td>\n",
       "      <td>0.460794</td>\n",
       "      <td>0.324417</td>\n",
       "      <td>0.315986</td>\n",
       "      <td>-0.023790</td>\n",
       "      <td>0.175190</td>\n",
       "    </tr>\n",
       "    <tr>\n",
       "      <th>L Knee Rom</th>\n",
       "      <td>-0.529235</td>\n",
       "      <td>-0.481190</td>\n",
       "      <td>0.529991</td>\n",
       "      <td>0.468229</td>\n",
       "      <td>-0.495598</td>\n",
       "      <td>-0.515812</td>\n",
       "      <td>0.646930</td>\n",
       "      <td>0.635400</td>\n",
       "      <td>0.538076</td>\n",
       "      <td>0.545091</td>\n",
       "      <td>0.566540</td>\n",
       "      <td>0.656140</td>\n",
       "      <td>0.763584</td>\n",
       "      <td>1.000000</td>\n",
       "      <td>0.451956</td>\n",
       "      <td>0.392289</td>\n",
       "      <td>0.298969</td>\n",
       "      <td>0.030510</td>\n",
       "      <td>0.186255</td>\n",
       "    </tr>\n",
       "    <tr>\n",
       "      <th>R Ankle Rom</th>\n",
       "      <td>-0.193260</td>\n",
       "      <td>-0.222222</td>\n",
       "      <td>0.194816</td>\n",
       "      <td>0.232036</td>\n",
       "      <td>-0.239589</td>\n",
       "      <td>-0.187093</td>\n",
       "      <td>0.451138</td>\n",
       "      <td>0.442180</td>\n",
       "      <td>0.272262</td>\n",
       "      <td>0.278869</td>\n",
       "      <td>0.259955</td>\n",
       "      <td>0.214029</td>\n",
       "      <td>0.460794</td>\n",
       "      <td>0.451956</td>\n",
       "      <td>1.000000</td>\n",
       "      <td>0.699078</td>\n",
       "      <td>-0.000253</td>\n",
       "      <td>-0.091183</td>\n",
       "      <td>0.473247</td>\n",
       "    </tr>\n",
       "    <tr>\n",
       "      <th>L Ankle Rom</th>\n",
       "      <td>-0.187503</td>\n",
       "      <td>-0.175968</td>\n",
       "      <td>0.189786</td>\n",
       "      <td>0.189445</td>\n",
       "      <td>-0.196300</td>\n",
       "      <td>-0.148463</td>\n",
       "      <td>0.394003</td>\n",
       "      <td>0.386968</td>\n",
       "      <td>0.216452</td>\n",
       "      <td>0.223173</td>\n",
       "      <td>0.179116</td>\n",
       "      <td>0.197972</td>\n",
       "      <td>0.324417</td>\n",
       "      <td>0.392289</td>\n",
       "      <td>0.699078</td>\n",
       "      <td>1.000000</td>\n",
       "      <td>-0.011051</td>\n",
       "      <td>-0.091788</td>\n",
       "      <td>0.619863</td>\n",
       "    </tr>\n",
       "    <tr>\n",
       "      <th>Cadence</th>\n",
       "      <td>-0.758423</td>\n",
       "      <td>-0.807758</td>\n",
       "      <td>0.760090</td>\n",
       "      <td>0.678720</td>\n",
       "      <td>-0.792327</td>\n",
       "      <td>-0.776538</td>\n",
       "      <td>0.565817</td>\n",
       "      <td>0.532849</td>\n",
       "      <td>0.843728</td>\n",
       "      <td>0.841953</td>\n",
       "      <td>0.250762</td>\n",
       "      <td>0.265164</td>\n",
       "      <td>0.315986</td>\n",
       "      <td>0.298969</td>\n",
       "      <td>-0.000253</td>\n",
       "      <td>-0.011051</td>\n",
       "      <td>1.000000</td>\n",
       "      <td>-0.010999</td>\n",
       "      <td>-0.020191</td>\n",
       "    </tr>\n",
       "    <tr>\n",
       "      <th>Step Width</th>\n",
       "      <td>0.073101</td>\n",
       "      <td>0.082696</td>\n",
       "      <td>-0.072254</td>\n",
       "      <td>-0.038736</td>\n",
       "      <td>0.085031</td>\n",
       "      <td>0.073423</td>\n",
       "      <td>-0.057682</td>\n",
       "      <td>-0.097277</td>\n",
       "      <td>-0.038451</td>\n",
       "      <td>-0.049529</td>\n",
       "      <td>-0.103599</td>\n",
       "      <td>-0.072659</td>\n",
       "      <td>-0.023790</td>\n",
       "      <td>0.030510</td>\n",
       "      <td>-0.091183</td>\n",
       "      <td>-0.091788</td>\n",
       "      <td>-0.010999</td>\n",
       "      <td>1.000000</td>\n",
       "      <td>-0.164410</td>\n",
       "    </tr>\n",
       "    <tr>\n",
       "      <th>Target</th>\n",
       "      <td>-0.089916</td>\n",
       "      <td>-0.148944</td>\n",
       "      <td>0.091996</td>\n",
       "      <td>0.118427</td>\n",
       "      <td>-0.129788</td>\n",
       "      <td>-0.090569</td>\n",
       "      <td>0.149535</td>\n",
       "      <td>0.157943</td>\n",
       "      <td>0.030851</td>\n",
       "      <td>0.036182</td>\n",
       "      <td>-0.073339</td>\n",
       "      <td>-0.094850</td>\n",
       "      <td>0.175190</td>\n",
       "      <td>0.186255</td>\n",
       "      <td>0.473247</td>\n",
       "      <td>0.619863</td>\n",
       "      <td>-0.020191</td>\n",
       "      <td>-0.164410</td>\n",
       "      <td>1.000000</td>\n",
       "    </tr>\n",
       "  </tbody>\n",
       "</table>\n",
       "</div>"
      ],
      "text/plain": [
       "                R Stance  L Stance   R Swing   L Swing  R Double Supp.  \\\n",
       "R Stance        1.000000  0.912826 -0.999892 -0.776883        0.952700   \n",
       "L Stance        0.912826  1.000000 -0.912930 -0.869220        0.950787   \n",
       "R Swing        -0.999892 -0.912930  1.000000  0.776899       -0.953095   \n",
       "L Swing        -0.776883 -0.869220  0.776899  1.000000       -0.826013   \n",
       "R Double Supp.  0.952700  0.950787 -0.953095 -0.826013        1.000000   \n",
       "L Double Supp.  0.946783  0.956053 -0.946315 -0.818453        0.906071   \n",
       "R Step Length  -0.781728 -0.790473  0.781681  0.712499       -0.804433   \n",
       "L Step Length  -0.761928 -0.769933  0.761341  0.713108       -0.778056   \n",
       "R Speed        -0.830462 -0.862126  0.831249  0.763549       -0.856333   \n",
       "L Speed        -0.829836 -0.863875  0.830651  0.765864       -0.860569   \n",
       "R Hip Rom      -0.484513 -0.479966  0.483103  0.428951       -0.469978   \n",
       "L Hip Rom      -0.533979 -0.462134  0.534057  0.447589       -0.488815   \n",
       "R Knee Rom     -0.492946 -0.546459  0.492437  0.474982       -0.516233   \n",
       "L Knee Rom     -0.529235 -0.481190  0.529991  0.468229       -0.495598   \n",
       "R Ankle Rom    -0.193260 -0.222222  0.194816  0.232036       -0.239589   \n",
       "L Ankle Rom    -0.187503 -0.175968  0.189786  0.189445       -0.196300   \n",
       "Cadence        -0.758423 -0.807758  0.760090  0.678720       -0.792327   \n",
       "Step Width      0.073101  0.082696 -0.072254 -0.038736        0.085031   \n",
       "Target         -0.089916 -0.148944  0.091996  0.118427       -0.129788   \n",
       "\n",
       "                L Double Supp.  R Step Length  L Step Length   R Speed  \\\n",
       "R Stance              0.946783      -0.781728      -0.761928 -0.830462   \n",
       "L Stance              0.956053      -0.790473      -0.769933 -0.862126   \n",
       "R Swing              -0.946315       0.781681       0.761341  0.831249   \n",
       "L Swing              -0.818453       0.712499       0.713108  0.763549   \n",
       "R Double Supp.        0.906071      -0.804433      -0.778056 -0.856333   \n",
       "L Double Supp.        1.000000      -0.771616      -0.765985 -0.845421   \n",
       "R Step Length        -0.771616       1.000000       0.928757  0.887020   \n",
       "L Step Length        -0.765985       0.928757       1.000000  0.868665   \n",
       "R Speed              -0.845421       0.887020       0.868665  1.000000   \n",
       "L Speed              -0.841831       0.887560       0.875937  0.997210   \n",
       "R Hip Rom            -0.497325       0.654146       0.667652  0.538494   \n",
       "L Hip Rom            -0.492870       0.637737       0.656005  0.523563   \n",
       "R Knee Rom           -0.541981       0.627308       0.612749  0.540566   \n",
       "L Knee Rom           -0.515812       0.646930       0.635400  0.538076   \n",
       "R Ankle Rom          -0.187093       0.451138       0.442180  0.272262   \n",
       "L Ankle Rom          -0.148463       0.394003       0.386968  0.216452   \n",
       "Cadence              -0.776538       0.565817       0.532849  0.843728   \n",
       "Step Width            0.073423      -0.057682      -0.097277 -0.038451   \n",
       "Target               -0.090569       0.149535       0.157943  0.030851   \n",
       "\n",
       "                 L Speed  R Hip Rom  L Hip Rom  R Knee Rom  L Knee Rom  \\\n",
       "R Stance       -0.829836  -0.484513  -0.533979   -0.492946   -0.529235   \n",
       "L Stance       -0.863875  -0.479966  -0.462134   -0.546459   -0.481190   \n",
       "R Swing         0.830651   0.483103   0.534057    0.492437    0.529991   \n",
       "L Swing         0.765864   0.428951   0.447589    0.474982    0.468229   \n",
       "R Double Supp. -0.860569  -0.469978  -0.488815   -0.516233   -0.495598   \n",
       "L Double Supp. -0.841831  -0.497325  -0.492870   -0.541981   -0.515812   \n",
       "R Step Length   0.887560   0.654146   0.637737    0.627308    0.646930   \n",
       "L Step Length   0.875937   0.667652   0.656005    0.612749    0.635400   \n",
       "R Speed         0.997210   0.538494   0.523563    0.540566    0.538076   \n",
       "L Speed         1.000000   0.544489   0.531462    0.541428    0.545091   \n",
       "R Hip Rom       0.544489   1.000000   0.778132    0.684821    0.566540   \n",
       "L Hip Rom       0.531462   0.778132   1.000000    0.506797    0.656140   \n",
       "R Knee Rom      0.541428   0.684821   0.506797    1.000000    0.763584   \n",
       "L Knee Rom      0.545091   0.566540   0.656140    0.763584    1.000000   \n",
       "R Ankle Rom     0.278869   0.259955   0.214029    0.460794    0.451956   \n",
       "L Ankle Rom     0.223173   0.179116   0.197972    0.324417    0.392289   \n",
       "Cadence         0.841953   0.250762   0.265164    0.315986    0.298969   \n",
       "Step Width     -0.049529  -0.103599  -0.072659   -0.023790    0.030510   \n",
       "Target          0.036182  -0.073339  -0.094850    0.175190    0.186255   \n",
       "\n",
       "                R Ankle Rom  L Ankle Rom   Cadence  Step Width    Target  \n",
       "R Stance          -0.193260    -0.187503 -0.758423    0.073101 -0.089916  \n",
       "L Stance          -0.222222    -0.175968 -0.807758    0.082696 -0.148944  \n",
       "R Swing            0.194816     0.189786  0.760090   -0.072254  0.091996  \n",
       "L Swing            0.232036     0.189445  0.678720   -0.038736  0.118427  \n",
       "R Double Supp.    -0.239589    -0.196300 -0.792327    0.085031 -0.129788  \n",
       "L Double Supp.    -0.187093    -0.148463 -0.776538    0.073423 -0.090569  \n",
       "R Step Length      0.451138     0.394003  0.565817   -0.057682  0.149535  \n",
       "L Step Length      0.442180     0.386968  0.532849   -0.097277  0.157943  \n",
       "R Speed            0.272262     0.216452  0.843728   -0.038451  0.030851  \n",
       "L Speed            0.278869     0.223173  0.841953   -0.049529  0.036182  \n",
       "R Hip Rom          0.259955     0.179116  0.250762   -0.103599 -0.073339  \n",
       "L Hip Rom          0.214029     0.197972  0.265164   -0.072659 -0.094850  \n",
       "R Knee Rom         0.460794     0.324417  0.315986   -0.023790  0.175190  \n",
       "L Knee Rom         0.451956     0.392289  0.298969    0.030510  0.186255  \n",
       "R Ankle Rom        1.000000     0.699078 -0.000253   -0.091183  0.473247  \n",
       "L Ankle Rom        0.699078     1.000000 -0.011051   -0.091788  0.619863  \n",
       "Cadence           -0.000253    -0.011051  1.000000   -0.010999 -0.020191  \n",
       "Step Width        -0.091183    -0.091788 -0.010999    1.000000 -0.164410  \n",
       "Target             0.473247     0.619863 -0.020191   -0.164410  1.000000  "
      ]
     },
     "execution_count": 6,
     "metadata": {},
     "output_type": "execute_result"
    },
    {
     "data": {
